0.0
8.178876990000004
15.06635235
21.092893290000003
33.57644238000001
42.61625379000001
52.516999620000014
61.12634382000001
67.58335197000002
81.35830269000002
90.39811410000002
105.46446645000003
114.07381065
120.10035159
118.37848275000002
87.38484363000002
63.27867987000002
37.02018006000001
23.675696550000005
7.3179425700000005
-3.01327047
-15.06635235
-26.688967020000014
-37.88111448000001
-47.35139310000001
-60.2654094
-69.73568802000003
-80.49736827000004
-90.82858130999999
-100.29885993000003
-102.02072877000003
-101.15979435000001
-74.90129454000001
-49.50372915000001
-32.28504075000001
-10.331213040000003
12.483549090000002
16.788221190000005
-3.8742048900000006
-15.496819560000002
-31.424106330000008
-38.742048900000015
-43.04672100000001
-21.092893290000003
3.4437376800000012
21.953827710000002
46.49045868000001
67.15288476000002
114.50427786000003
100.29885993000003
76.19269617000002
51.65606520000001
28.841303070000006
21.953827710000002
-12.05308188
-25.828032600000004
-57.252138930000015
-65.00054871000002
-34.86784401000001
-11.192147460000005
3.01327047
17.2186884
21.953827710000002
17.64915561
2.15233605
-10.761680250000003
-26.688967020000014
-34.86784401000001
-34.86784401000001
-23.675696550000005
-10.761680250000003
6.457008150000001
11.622614670000003
8.178876990000004
-4.735139310000001
-15.496819560000002
-27.980368650000006
-33.57644238000001
-19.801491660000003
-10.761680250000003
6.8874753600000025
16.788221190000005
23.675696550000005
34.00690959000001
24.536630970000008
9.900745830000002
2.15233605
-9.470278620000002
-15.927286770000006
-16.788221190000005
-9.039811410000002
-2.15233605
3.8742048900000006
3.4437376800000012
-5.165606520000002
-6.02654094
0.43046721000000016
3.8742048900000006
-2.582803260000001
-9.900745830000002
3.8742048900000006
21.953827710000002
-2.15233605
-31.85457354000001
-62.41774545000001
-39.60298332000001
3.01327047
18.510090030000004
0.43046721000000016
-29.702237489999998
-57.252138930000015
-85.66297479
-106.32540087000001
-88.24577805
-28.410835860000006
5.596073730000002
40.46391774000001
86.95437642000002
111.49100739000002
122.68315485000002
96.42465504
52.08653241
23.675696550000005
-38.31158169000001
-80.92783548000001
-119.23941717000002
-128.27922858
-102.88166319
-83.51063873999999
-74.47082733000002
-95.13325341000002
-104.60353203000003
-73.60989291000001
-47.35139310000001
-8.178876990000004
-32.71550796000002
-36.589712850000005
-3.8742048900000006
31.85457354000001
70.16615523000002
83.51063873999999
68.44428639
60.695876610000035
92.11998294000003
108.90820413000002
120.10035159
90.82858130999999
31.424106330000008
-21.953827710000002
-64.57008150000001
-111.49100739000002
-127.84876137000005
-108.90820413000002
-81.35830269000002
-53.37793404000003
-32.28504075000001
-6.457008150000001
34.00690959000001
61.55681103000001
89.10671247000002
107.18633529000002
114.93474507
113.64334344000002
89.53717968000004
66.29195034
47.35139310000001
26.258499810000007
3.4437376800000012
-12.483549090000002
-33.14597517
-47.35139310000001
-76.19269617000002
-83.94110595000002
-99.86839272000002
-100.29885993000003
-84.80204037000003
-41.755319369999995
-25.397565390000004
20.662426080000007
29.271770280000002
3.8742048900000006
-17.64915561
-29.702237489999998
-41.32485216000001
-43.47718821000001
-23.245229340000005
-7.748409780000001
11.622614670000003
21.092893290000003
20.662426080000007
-4.735139310000001
-15.06635235
-27.54990144000001
-22.814762130000005
-5.165606520000002
9.039811410000002
18.940557240000004
24.536630970000008
16.788221190000005
6.457008150000001
2.15233605
-6.457008150000001
-13.774950720000005
-18.940557240000004
-20.231958870000003
-12.05308188
1.2914016300000004
15.06635235
21.523360500000006
26.258499810000007
21.953827710000002
6.457008150000001
-3.01327047
-12.483549090000002
-14.635885140000001
0.8609344200000003
15.927286770000006
8.178876990000004
-3.4437376800000012
-14.205417930000003
-17.64915561
-3.01327047
12.483549090000002
15.496819560000002
3.8742048900000006
-4.735139310000001
-10.761680250000003
-10.761680250000003
8.178876990000004
10.761680250000003
-9.470278620000002
-14.205417930000003
-20.662426080000007
-37.450647270000005
-24.536630970000008
6.8874753600000025
24.536630970000008
58.543540560000004
67.58335197000002
89.96764689000001
72.74895849
43.04672100000001
16.788221190000005
-5.165606520000002
-32.28504075000001
-52.08653241
-50.36466357000001
-24.967098180000004
7.748409780000001
35.29831122
63.70914708000002
75.76222896000002
97.71605667000001
109.76913855000004
122.25268764000002
127.84876137000005
112.78240902000005
76.19269617000002
54.238868460000006
34.00690959000001
9.900745830000002
-18.510090030000004
-46.92092589000002
-70.59662244
-87.81531084000001
-102.45119598000002
-112.35194181000003
-123.54408927000003
-124.83549090000002
-124.83549090000002
-114.93474507
-90.82858130999999
-78.77549943000002
-46.92092589000002
-28.841303070000006
-7.748409780000001
1.2914016300000004
110.63007297000001
100.29885993000003
81.35830269000002
65.86148313000001
39.17251611000002
27.119434230000003
9.900745830000002
-4.735139310000001
-17.2186884
-31.85457354000001
-47.78186031000002
-67.58335197000002
-83.94110595000002
-95.99418783000003
-105.03399924000003
-105.03399924000003
-96.85512225000002
-91.68951573000002
-70.16615523000002
-65.86148313000001
-56.82167172000001
-44.33812263
-27.54990144000001
-6.457008150000001
6.457008150000001
32.28504075000001
68.44428639
103.31213040000002
103.74259761000005
80.49736827000004
68.8747536
42.185786580000006
-9.900745830000002
-51.22559799000001
-89.10671247000002
-102.02072877000003
-62.41774545000001
-41.755319369999995
-9.900745830000002
40.46391774000001
77.91456501000002
74.04036012000002
18.510090030000004
-15.496819560000002
-40.46391774000001
-22.814762130000005
-2.15233605
29.702237489999998
58.543540560000004
73.60989291000001
73.60989291000001
42.61625379000001
11.192147460000005
-11.192147460000005
-31.85457354000001
-33.57644238000001
-3.01327047
12.483549090000002
-8.6093442
-15.927286770000006
0.43046721000000016
6.02654094
10.331213040000003
0.8609344200000003
-3.8742048900000006
-6.8874753600000025
7.3179425700000005
14.205417930000003
15.927286770000006
-18.940557240000004
-34.86784401000001
-6.457008150000001
10.331213040000003
25.397565390000004
43.47718821000001
20.231958870000003
-6.8874753600000025
-29.702237489999998
-33.57644238000001
2.15233605
42.61625379000001
77.91456501000002
24.536630970000008
-13.344483510000007
-58.543540560000004
-80.49736827000004
-28.410835860000006
2.582803260000001
51.22559799000001
74.90129454000001
73.17942570000001
24.536630970000008
3.8742048900000006
-23.245229340000005
-43.907655420000005
-60.695876610000035
-74.47082733000002
-83.94110595000002
-83.51063873999999
-43.47718821000001
-31.424106330000008
-9.900745830000002
-2.15233605
18.510090030000004
21.953827710000002
31.424106330000008
47.35139310000001
65.00054871000002
81.78876990000002
92.98091736000002
100.72932714000002
114.07381065
109.76913855000004
87.81531084000001
58.97400777000001
57.252138930000015
59.404474979999996
48.21232752
29.702237489999998
15.06635235
-2.15233605
-21.092893290000003
-41.755319369999995
-69.73568802000003
-85.66297479
-66.29195034
-56.82167172000001
-50.79513078000001
-14.635885140000001
25.397565390000004
52.94746683000001
95.13325341000002
121.82222043000002
115.36521228000002
87.38484363000002
62.848212660000016
40.03345053
4.735139310000001
-17.64915561
-36.15924564000001
-63.70914708000002
-73.60989291000001
-67.58335197000002
-42.61625379000001
-34.86784401000001
-11.192147460000005
6.457008150000001
37.450647270000005
53.80840125000001
91.25904852000002
110.19960576000004
114.07381065
86.52390921000001
50.79513078000001
25.397565390000004
-6.02654094
-23.675696550000005
-57.68260614000001
-81.35830269000002
-97.28558946000003
-120.96128601000001
-120.10035159
-108.04726971000002
-80.92783548000001
-73.17942570000001
-42.61625379000001
-8.178876990000004
17.2186884
48.21232752
78.77549943000002
105.46446645000003
120.5308188
105.89493366000002
83.08017153000002
51.22559799000001
29.702237489999998
6.8874753600000025
-14.205417930000003
-30.993639120000005
-52.516999620000014
-74.47082733000002
-93.41138457000002
-101.15979435000001
-79.63643385000002
-54.66933567000001
-29.271770280000002
-7.748409780000001
-2.15233605
19.371024450000007
33.57644238000001
27.980368650000006
18.510090030000004
2.582803260000001
-12.483549090000002
-21.092893290000003
-18.510090030000004
-7.3179425700000005
3.8742048900000006
11.192147460000005
15.06635235
6.02654094
-5.596073730000002
-9.900745830000002
-14.205417930000003
-3.8742048900000006
8.178876990000004
11.622614670000003
-0.8609344200000003
-9.039811410000002
-3.01327047
11.192147460000005
-6.457008150000001
-4.735139310000001
3.01327047
-5.596073730000002
14.205417930000003
6.457008150000001
-13.344483510000007
-6.457008150000001
7.748409780000001
-8.6093442
2.15233605
7.3179425700000005
-15.927286770000006
-3.4437376800000012
4.3046721
-8.178876990000004
-21.092893290000003
-2.15233605
3.8742048900000006
-9.039811410000002
8.178876990000004
-24.536630970000008
-6.457008150000001
8.6093442
20.231958870000003
26.688967020000014
22.814762130000005
4.735139310000001
-14.205417930000003
-27.980368650000006
-22.814762130000005
-1.2914016300000004
16.788221190000005
29.271770280000002
37.450647270000005
41.32485216000001
24.536630970000008
12.483549090000002
-0.43046721000000016
-15.06635235
-27.980368650000006
-28.841303070000006
-12.05308188
0.43046721000000016
13.774950720000005
35.728778430000006
42.61625379000001
48.21232752
24.536630970000008
-6.8874753600000025
-28.410835860000006
-42.61625379000001
-33.14597517
-6.457008150000001
27.980368650000006
58.97400777000001
83.08017153000002
92.55045015000002
46.49045868000001
5.596073730000002
-42.61625379000001
-79.63643385000002
-83.08017153000002
-97.28558946000003
-69.73568802000003
-25.397565390000004
22.38429492000001
80.49736827000004
116.65661391000006
92.11998294000003
47.35139310000001
3.8742048900000006
-33.14597517
-62.41774545000001
-82.64970432000003
-102.88166319
-119.23941717000002
-126.98782695000004
-128.70969579
-120.10035159
-110.63007297000001
-85.66297479
-61.12634382000001
-36.15924564000001
2.15233605
27.119434230000003
53.80840125000001
92.11998294000003
115.79567949000003
127.84876137000005
117.51754833000004
111.06054018000002
96.85512225000002
79.20596664000001
62.41774545000001
45.19905705000001
19.371024450000007
-6.02654094
-31.424106330000008
-42.61625379000001
-58.113073350000015
-67.58335197000002
-80.06690106
-99.00745830000002
-96.85512225000002
-88.24577805
-47.35139310000001
-17.64915561
5.596073730000002
44.33812263
70.59662244
69.73568802000003
52.516999620000014
29.702237489999998
2.15233605
-27.980368650000006
-47.78186031000002
-61.55681103000001
-46.059991470000014
-34.00690959000001
-9.039811410000002
19.801491660000003
37.450647270000005
50.36466357000001
45.62952426000001
18.510090030000004
3.01327047
-17.2186884
-36.15924564000001
-11.192147460000005
-1.2914016300000004
18.510090030000004
17.2186884
3.8742048900000006
-6.02654094
-9.039811410000002
6.457008150000001
9.900745830000002
2.15233605
-6.02654094
-5.596073730000002
4.3046721
-6.02654094
-4.3046721
2.582803260000001
0.8609344200000003
0.43046721000000016
0.43046721000000016
0.43046721000000016
0.43046721000000016
0.43046721000000016
0.43046721000000016
